.Random.seed <-
c(403L, 10L, 794631498L, -224773716L, 185169071L, 853249637L, 
1022727708L, -91109262L, -1515917587L, -963202265L, 1939074894L, 
1645578152L, -1370623061L, -1072893751L, -2125039400L, 10814854L, 
1355316321L, 2090905075L, -1153651614L, 893479636L, -17368105L, 
1383125453L, -1950505628L, -1660743350L, -1199245131L, -2056138737L, 
-70235882L, 721761216L, 650043267L, -754872927L, 262042000L, 
-659645842L, 514645017L, 738615467L, -809147238L, 1222325340L, 
-903491233L, 1463620405L, -1238141236L, 521438242L, -279112067L, 
-2048619657L, -866220898L, -329522344L, 18532027L, -888657831L, 
-149840920L, 1395342870L, -1162247791L, 864006723L, -1859833518L, 
1257899492L, -878031833L, 1458247805L, 1028277620L, 1044556122L, 
-325009499L, -1440735297L, 1012003910L, -19189040L, -1046717197L, 
-1856882159L, -1738367936L, 1977749534L, 1460866793L, 141634587L, 
-1250106326L, 502314828L, 1993477391L, -1926336443L, -1265706500L, 
2138978386L, -580812339L, -1845976185L, -2025109906L, 360597064L, 
-736108469L, -257922647L, 747816184L, 554987558L, -1625620159L, 
-1782939949L, 287532674L, 752184500L, 1132500023L, -1695017171L, 
1410733124L, -659859094L, -1712605739L, 1779848047L, -1345795466L, 
-715870816L, 329063011L, -946107647L, 1547739760L, 1932926478L, 
-1680574855L, -1389018613L, 1793735482L, 2001117756L, -1176673921L, 
-2128106795L, 2028350188L, -413492158L, 736457629L, 162859543L, 
-1537126530L, -292856520L, 1870436891L, -1696939143L, 702428616L, 
1237428726L, 407051313L, -1481384349L, 1418945074L, -497143932L, 
-1501004345L, 139416733L, 663327764L, -2071268678L, -1789029627L, 
-706484001L, 1313247590L, -1773431568L, -2031394797L, 307004849L, 
-1066663840L, 1773817342L, 224975241L, -783585605L, 2142136970L, 
644552044L, 671101679L, -1683559131L, -979764260L, -641066574L, 
-832776019L, -405043097L, -1280909426L, 600688744L, 1208538219L, 
-583549431L, 623444120L, 703392710L, -525279455L, -246322253L, 
-1757035742L, -552364780L, -1683712617L, 1292070285L, 1896115364L, 
1605668490L, 361432309L, -306431153L, -569899946L, -923580672L, 
1746453059L, 1521261025L, -850543280L, -363220050L, -1362169511L, 
721121131L, 708239066L, 1029762972L, -1381805153L, 233978357L, 
2121120908L, -1659615902L, -591619779L, -486100553L, -408947106L, 
-219308136L, -435491077L, -1206679911L, -1246875864L, -1494170154L, 
-1389491631L, 1892983043L, 1328086162L, -1906118108L, -1773531929L, 
870441277L, -779479628L, 916081178L, -821989019L, -1206607873L, 
-1601685882L, -860402160L, -878570317L, -1485623471L, 2138882816L, 
-1231971874L, 1571799593L, 2078061019L, 1090199274L, 931409036L, 
897979343L, 987868037L, -413611972L, 1033439506L, -2002264563L, 
1874038087L, -381876434L, 1277901448L, -22598773L, -1285149847L, 
-253516488L, -466376730L, -617267327L, 842274579L, -30441278L, 
100244340L, 1449355127L, -1892368275L, -925163772L, -1536778710L, 
-1155804267L, -1092044753L, 527421750L, 964833632L, 993284003L, 
-67716927L, 1054419120L, 1947957198L, 1378822969L, 1636901707L, 
-1291101958L, -837287428L, 1838719551L, -1061060736L, -1485378796L, 
-99495640L, 160733242L, -47473712L, -1305268628L, 1788056116L, 
-1662024046L, -85693088L, 2088110412L, 1167737824L, -802983518L, 
961993128L, 1856935564L, -1056535108L, 1706099314L, 1252002800L, 
1850896964L, 417837144L, 110167098L, 337245296L, -1666141124L, 
3421460L, -1712604478L, 188225248L, 1332423804L, -1674470704L, 
-2082092638L, -1260954584L, -1201776884L, -1358946884L, 2062219058L, 
1611464384L, 445014068L, 1430306504L, 245885114L, 1951101584L, 
972701420L, 824420948L, -1060901230L, 331877664L, -1566276148L, 
-111354144L, -669514558L, 751549480L, 1480860588L, 159780540L, 
1863301106L, 864160304L, 194184100L, 1846132152L, 509550426L, 
-940621680L, 1741361020L, 594015508L, -460211902L, -1780230912L, 
-1363160644L, 995521872L, -816938718L, 1289507400L, 1267602444L, 
-220360100L, 1865176530L, 312929792L, 549656916L, -7660312L, 
-622327558L, 994642640L, 1332207404L, 2023027956L, -1848504942L, 
626688352L, 1127370764L, 54794464L, -881654174L, -514678616L, 
1295609932L, 1869285244L, -664007374L, -464130448L, 785360708L, 
-1924637736L, -1875654790L, -2109742032L, -700471364L, 1039526484L, 
1861593154L, 264115872L, -1265184068L, -1564106800L, -1748614814L, 
-1383265560L, 862031052L, 160078332L, -76992014L, -33093504L, 
2090696180L, 1776454280L, -851826886L, -1608494768L, -653594516L, 
-1694550636L, 1295647826L, 1172640224L, -239157044L, -1566782816L, 
-1465939582L, -510636824L, 1043370732L, -972224196L, -1469897614L, 
-863515024L, -1882569180L, 223705144L, 1278895386L, -2006802224L, 
-2104795844L, 412909460L, -287404158L, -494510144L, -398891460L, 
1422858640L, 272626722L, 1571674376L, 283456652L, -1871617252L, 
-1203836782L, -1749853824L, 1336605716L, -2087481560L, -1454713286L, 
500933072L, -1737207444L, 1084618676L, -1229255150L, 2101015520L, 
694826444L, -552921888L, -653918174L, -594950360L, 1166747148L, 
468017980L, -1145375758L, 65555184L, -1789769148L, 1825228376L, 
1241466682L, -1629707280L, 1699690172L, -257886956L, -1636446014L, 
573865056L, -1970177668L, -716953648L, 1870997794L, 1968864936L, 
-1200223348L, 1131703484L, 1188028210L, -1337929152L, 1160848564L, 
1062425672L, 596425146L, -1887777264L, -577029908L, 1013049684L, 
-2001885422L, 1079756192L, -580736308L, 1874110048L, -1653125182L, 
904872744L, -70484564L, 55660860L, 1567027058L, -1575632592L, 
-1695686876L, 666023224L, 1917672154L, 273061776L, 137712380L, 
963207060L, -830400446L, 752864512L, -1278530500L, 459832656L, 
-398481246L, -1923659960L, -1714420L, -1940735268L, 1274626898L, 
-1211202944L, 963881044L, -29164568L, 2109863674L, 1232677200L, 
728302380L, 156514164L, 1909011346L, 1390745184L, 385646476L, 
373875552L, -590592030L, 376303528L, -1876402996L, 594464252L, 
1585777586L, 63842800L, 991021508L, -1316556456L, -1696193158L, 
1162424752L, -1675538500L, 1789792340L, -280722494L, -410819552L, 
1143958716L, -314004912L, -1504620574L, -639551896L, 130173516L, 
-1045413636L, 759459826L, 1114586368L, -184084620L, -167649272L, 
-337859281L, 1664991976L, -853917754L, -838712717L, -2014255915L, 
755459762L, 637517440L, 1098892905L, -1742026021L, -523930068L, 
1965807162L, 293654767L, 2065881977L, -1434585074L, -255861284L, 
-1234989491L, 135966135L, -1485503680L, 1008095774L, -1611893525L, 
1292106861L, 1910963418L, 987038872L, 126337793L, 1480583347L, 
-171949100L, -1606738206L, 1001987959L, -1424366911L, 1451184710L, 
-281764476L, -1222130891L, 1322131743L, -1262204808L, 2085590358L, 
-2041205789L, 596780453L, -648083390L, 924468784L, 1074544217L, 
2002089931L, 2011719740L, -772450710L, 1965812895L, 55360809L, 
-362460738L, 1122511020L, -1825288707L, 472773959L, -1916522960L, 
2043737934L, -1416483973L, -1593463587L, -89154294L, 140781608L, 
2080980113L, -1646573437L, 1701816708L, 1508005810L, 1151424775L, 
1078074193L, -1089901866L, -444705868L, -154670139L, 519924495L, 
-372115064L, -1263608666L, 464276563L, 1774800309L, -841932014L, 
1454928096L, 146044233L, 1706583931L, -79281588L, 82562010L, 
985375183L, -618350695L, -1294020690L, 1327092924L, 621866285L, 
-1918165289L, -1279187168L, -1218293634L, 148092491L, -652932019L, 
412127866L, 99912376L, -1139834783L, 867942931L, 1555367988L, 
-599292350L, 230822487L, -784146015L, -2033048986L, 961692260L, 
503779733L, -634074433L, -988057000L, 949560950L, 551746179L, 
-1375985979L, 420023266L, -154089904L, -776367239L, 747632811L, 
695652380L, -303251638L, 962754367L, -832763511L, -562079330L, 
-46247860L, 1819466269L, -395003993L, 2067630800L, 105208942L, 
-2027314405L, -1819845507L, 1513026154L, 1499054856L, 1162988465L, 
-239207389L, 549852452L, 686780882L, -88632793L, 37911665L, -366337354L, 
-1588679084L, 1543131877L, -1423651089L, -1725847000L, -2052096378L, 
948123827L, 790810133L, 759980146L, 462802112L, 464240937L, 188446619L, 
-1492201364L, -2003016582L, 93867439L, -1097773895L, -2066958642L, 
1207882780L, 1126958989L, 2050085367L, 2004714752L, 1937593182L, 
